%YAML:1.0
---
params:
   minMarkerSize: 5.0000002374872565e-04
   thrGray: 10.
   thrHsv: 800.
   border: 0
marker:
   corners: [ [ 2.2655310058593750e+03, -2.0539884948730469e+02 ], [
       2.5141872558593750e+03, -2.0539884948730469e+02 ], [
       2.5141872558593750e+03, 4.3095180511474609e+01 ], [
       2.2655310058593750e+03, 4.3095180511474609e+01 ] ]
   colors: [ "#000000", "#ffffff" ]
bit-info:
   - { id:2, center:[ 2.4254555664062500e+03, -1.4786088562011719e+02 ] }
   - { id:1, center:[ 2.4254555664062500e+03, -1.0338816833496094e+02 ] }
   - { id:0, center:[ 2.3186657714843750e+03, -1.4786088562011719e+02 ] }
bit-crc:
   - { id:15, center:[ 2.4610520019531250e+03, -1.4442766189575195e+01 ] }
   - { id:14, center:[ 2.4254555664062500e+03, -1.4442766189575195e+01 ] }
   - { id:13, center:[ 2.3898586425781250e+03, -1.4442766189575195e+01 ] }
   - { id:12, center:[ 2.3542624511718750e+03, -1.4442766189575195e+01 ] }
   - { id:11, center:[ 2.3186657714843750e+03, -1.4442766189575195e+01 ] }
   - { id:10, center:[ 2.4610520019531250e+03, -1.4786088562011719e+02 ] }
   - { id:9, center:[ 2.3898591308593750e+03, -8.1151817321777344e+01 ] }
   - { id:8, center:[ 2.3898586425781250e+03, -1.4786088562011719e+02 ] }
   - { id:7, center:[ 2.4610520019531250e+03, -5.8915420532226562e+01 ] }
   - { id:6, center:[ 2.4254555664062500e+03, -5.8915420532226562e+01 ] }
   - { id:5, center:[ 2.4610520019531250e+03, -1.0338816833496094e+02 ] }
   - { id:4, center:[ 2.3542624511718750e+03, -5.8915420532226562e+01 ] }
   - { id:3, center:[ 2.3186657714843750e+03, -5.8915420532226562e+01 ] }
   - { id:2, center:[ 2.3542624511718750e+03, -1.0338816833496094e+02 ] }
   - { id:1, center:[ 2.3542624511718750e+03, -1.4786088562011719e+02 ] }
   - { id:0, center:[ 2.3186657714843750e+03, -1.0338816833496094e+02 ] }
