%YAML:1.0
---
aruco_bc_dict: ""
aruco_bc_nmarkers: 6
aruco_bc_mInfoType: 1
aruco_bc_markers:
   - { id:1, corners:[ [ -7.1691185235977173e-01, 4.9240612983703613e-01,
       -1.1923916339874268e+00 ], [ -7.1154367923736572e-01,
       4.8671859502792358e-01, -1.9242215156555176e-01 ], [
       -7.0589441061019897e-01, -5.1259672641754150e-01,
       -1.9813627004623413e-01 ], [ -7.1126258373260498e-01,
       -5.0690919160842896e-01, -1.1981056928634644e+00 ] ] }
   - { id:2, corners:[ [ -5.0028079748153687e-01,
       -7.2216647863388062e-01, -1.2124387025833130e+00 ], [
       -5.0048851966857910e-01, -7.2256404161453247e-01,
       -2.1243882179260254e-01 ], [ 4.9879765510559082e-01,
       -7.1147924661636353e-01, -2.1222686767578125e-01 ], [
       4.9900537729263306e-01, -7.1108168363571167e-01,
       -1.2122267484664917e+00 ] ] }
   - { id:3, corners:[ [ 7.1243238449096680e-01, -4.9251240491867065e-01,
       -2.0217764377593994e-01 ], [ 7.0681899785995483e-01,
       5.0747114419937134e-01, -2.0335227251052856e-01 ], [
       6.9892275333404541e-01, 5.0625294446945190e-01,
       -1.2026679515838623e+00 ], [ 7.0453613996505737e-01,
       -4.9373060464859009e-01, -1.2014932632446289e+00 ] ] }
   - { id:4, corners:[ [ 5.0198388099670410e-01, -5.0495094060897827e-01,
       -1.4182593822479248e+00 ], [ 4.9404934048652649e-01,
       4.9497342109680176e-01, -1.4276485443115234e+00 ], [
       -5.0521206855773926e-01, 4.8714312911033630e-01,
       -1.4171106815338135e+00 ], [ -4.9727752804756165e-01,
       -5.1278126239776611e-01, -1.4077215194702148e+00 ] ] }
   - { id:5, corners:[ [ -5.0256353616714478e-01,
       -4.9595278501510620e-01, 8.1167835742235184e-04 ], [
       -5.0242894887924194e-01, 5.0404441356658936e-01,
       3.1941479537636042e-03 ], [ 4.9691182374954224e-01,
       5.0391864776611328e-01, -4.9836910329759121e-04 ], [
       4.9677723646163940e-01, -4.9607852101325989e-01,
       -2.8808384668081999e-03 ] ] }
   - { id:6, corners:[ [ 4.8996782302856445e-01, 6.9907087087631226e-01,
       -1.2023859024047852e+00 ], [ 4.9648171663284302e-01,
       7.0044267177581787e-01, -2.0240810513496399e-01 ], [
       -5.0283515453338623e-01, 6.9608217477798462e-01,
       -1.9589251279830933e-01 ], [ -5.0934904813766479e-01,
       6.9471037387847900e-01, -1.1958703994750977e+00 ] ] }
