%YAML:1.0
---
image_width: 1920
image_height: 1080
camera_matrix: !!opencv-matrix
   rows: 3
   cols: 3
   dt: d
   data: [ 1.3409323411103132e+03, 0., 9.4531603218422640e+02, 0.,
       1.3384255919456787e+03, 5.6392631193599425e+02, 0., 0., 1. ]
distortion_coefficients: !!opencv-matrix
   rows: 1
   cols: 5
   dt: d
   data: [ 3.0964435693505874e-03, -1.1341352955495097e-01,
       7.4919728386385973e-03, -4.4207111891713044e-03,
       8.8760679142479357e-02 ]
