%YAML:1.0
---
aruco_bc_dict: ARUCO_MIP_16h3
aruco_bc_nmarkers: 11
aruco_bc_mInfoType: 1
aruco_bc_markers:
   - { id:2, corners:[ [ 3.1728001777082682e-03, 2.7726799249649048e-02,
       -6.7916214466094971e-02 ], [ 1.6001870855689049e-02,
       3.6303035914897919e-02, -5.0861507654190063e-02 ], [
       -3.0859482940286398e-03, 4.2351037263870239e-02,
       -3.9544403553009033e-02 ], [ -1.5915019437670708e-02,
       3.3774800598621368e-02, -5.6599110364913940e-02 ] ] }
   - { id:3, corners:[ [ -2.9925664886832237e-02, 2.7298633009195328e-02,
       -4.8454739153385162e-02 ], [ -3.9820391684770584e-02,
       7.5570689514279366e-03, -4.2023174464702606e-02 ], [
       -3.2733269035816193e-02, -2.3509180173277855e-03,
       -6.1532258987426758e-02 ], [ -2.2838544100522995e-02,
       1.7390646040439606e-02, -6.7963823676109314e-02 ] ] }
   - { id:4, corners:[ [ 3.9216693490743637e-02, -9.6363835036754608e-03,
       -3.5691276192665100e-02 ], [ 2.7674522250890732e-02,
       -2.5535004213452339e-02, -2.3732507601380348e-02 ], [
       2.3919288069009781e-02, -1.0216675698757172e-02,
       -6.9919284433126450e-03 ], [ 3.5461459308862686e-02,
       5.6819450110197067e-03, -1.8950698897242546e-02 ] ] }
   - { id:5, corners:[ [ -2.6981111615896225e-02,
       -2.2955475375056267e-02, -1.9555499777197838e-02 ], [
       -3.8942549377679825e-02, -1.2449119240045547e-02,
       -3.6154914647340775e-02 ], [ -3.8790065795183182e-02,
       7.0342849940061569e-03, -2.3933058604598045e-02 ], [
       -2.6828629896044731e-02, -3.4720706753432751e-03,
       -7.3336437344551086e-03 ] ] }
   - { id:6, corners:[ [ -4.0480173192918301e-03,
       -2.5720031931996346e-02, -7.9961093142628670e-03 ], [
       1.4613146893680096e-02, -3.1876482069492340e-02,
       -1.9948475062847137e-02 ], [ 1.1695321882143617e-03,
       -4.0156580507755280e-02, -3.6672987043857574e-02 ], [
       -1.7491631209850311e-02, -3.4000128507614136e-02,
       -2.4720620363950729e-02 ] ] }
   - { id:7, corners:[ [ -1.1500000022351742e-02, 1.1500000022351742e-02,
       0. ], [ 1.1500000022351742e-02, 1.1500000022351742e-02, 0. ], [
       1.1500000022351742e-02, -1.1500000022351742e-02, 0. ], [
       -1.1500000022351742e-02, -1.1500000022351742e-02, 0. ] ] }
   - { id:8, corners:[ [ 1.3228265568614006e-02, 3.8360744714736938e-02,
       -2.9539790004491806e-02 ], [ 3.1525854021310806e-02,
       2.4433445185422897e-02, -2.9061701148748398e-02 ], [
       2.4964401498436928e-02, 1.6519332304596901e-02,
       -8.4871016442775726e-03 ], [ 6.6668130457401276e-03,
       3.0446633696556091e-02, -8.9651905000209808e-03 ] ] }
   - { id:9, corners:[ [ -3.2204840332269669e-02,
       -2.2170741111040115e-02, -4.5552879571914673e-02 ], [
       -1.3941296376287937e-02, -3.6130525171756744e-02,
       -4.4799670577049255e-02 ], [ -7.1806712076067924e-03,
       -2.8395939618349075e-02, -6.5378062427043915e-02 ], [
       -2.5444217026233673e-02, -1.4436155557632446e-02,
       -6.6131271421909332e-02 ] ] }
   - { id:10, corners:[ [ -1.2522418051958084e-02,
       9.6907131373882294e-03, -7.5122244656085968e-02 ], [
       -5.8562159538269043e-03, -1.2321691960096359e-02,
       -7.4996657669544220e-02 ], [ 1.6156008467078209e-02,
       -5.6548435240983963e-03, -7.4873842298984528e-02 ], [
       9.4898063689470291e-03, 1.6357561573386192e-02,
       -7.4999429285526276e-02 ] ] }
   - { id:11, corners:[ [ 3.9502944797277451e-02, 1.0589621961116791e-03,
       -4.5166276395320892e-02 ], [ 3.2578319311141968e-02,
       2.2991688922047615e-02, -4.5237146317958832e-02 ], [
       2.2888582199811935e-02, 1.9865792244672775e-02,
       -6.5860867500305176e-02 ], [ 2.9813205823302269e-02,
       -2.0669344812631607e-03, -6.5789997577667236e-02 ] ] }
   - { id:12, corners:[ [ 1.2650249525904655e-02,
       -3.6614798009395599e-02, -4.5086603611707687e-02 ], [
       3.1351342797279358e-02, -2.3225653916597366e-02,
       -4.5089267194271088e-02 ], [ 2.5392035022377968e-02,
       -1.4906176365911961e-02, -6.5687157213687897e-02 ], [
       6.6909417510032654e-03, -2.8295319527387619e-02,
       -6.5684489905834198e-02 ] ] }
