%YAML:1.0
---
params:
   minMarkerSize: 5.0000002374872565e-04
   thrGray: 10.
   thrHsv: 800.
   border: 0
marker:
   corners: [ [ 6.7389588356018066e+00, 1.4850001525878906e+02 ], [
       5.5869480133056641e+01, 6.3403465270996094e+01 ], [
       1.5413052368164062e+02, 6.3403469085693359e+01 ], [
       2.0326104736328125e+02, 1.4850003051757812e+02 ], [
       1.5413052368164062e+02, 2.3359658813476562e+02 ], [
       5.5869476318359375e+01, 2.3359657287597656e+02 ] ]
   colors: [ "#000000", "#ffffff" ]
bit-info:
   - { id:7, center:[ 1.2334674072265625e+02, 2.0140753173828125e+02 ] }
   - { id:6, center:[ 1.0501902008056641e+02, 1.6966300964355469e+02 ] }
   - { id:5, center:[ 5.0035919189453125e+01, 1.5908149719238281e+02 ] }
   - { id:4, center:[ 1.2334674835205078e+02, 1.5908149719238281e+02 ] }
   - { id:3, center:[ 8.6691345214843750e+01, 9.5592498779296875e+01 ] }
   - { id:2, center:[ 1.0501905059814453e+02, 1.2733703613281250e+02 ] }
   - { id:1, center:[ 1.6000218200683594e+02, 1.3791853332519531e+02 ] }
   - { id:0, center:[ 8.6691322326660156e+01, 1.3791853332519531e+02 ] }
bit-crc:
   - { id:15, center:[ 8.6691314697265625e+01, 2.0140753173828125e+02 ] }
   - { id:14, center:[ 6.8363609313964844e+01, 1.9082600402832031e+02 ] }
   - { id:13, center:[ 1.4167443847656250e+02, 1.9082600402832031e+02 ] }
   - { id:12, center:[ 1.0501903533935547e+02, 1.9082600402832031e+02 ] }
   - { id:11, center:[ 6.8363616943359375e+01, 1.6966300964355469e+02 ] }
   - { id:10, center:[ 8.6691322326660156e+01, 1.5908149719238281e+02 ] }
   - { id:9, center:[ 1.4167443847656250e+02, 1.6966300964355469e+02 ] }
   - { id:8, center:[ 1.6000215148925781e+02, 1.5908149719238281e+02 ] }
   - { id:7, center:[ 1.2334677124023438e+02, 9.5592506408691406e+01 ] }
   - { id:6, center:[ 1.4167445373535156e+02, 1.0617401885986328e+02 ] }
   - { id:5, center:[ 6.8363624572753906e+01, 1.0617401885986328e+02 ] }
   - { id:4, center:[ 1.0501905059814453e+02, 1.0617401885986328e+02 ] }
   - { id:3, center:[ 1.4167445373535156e+02, 1.2733703613281250e+02 ] }
   - { id:2, center:[ 1.2334674835205078e+02, 1.3791853332519531e+02 ] }
   - { id:1, center:[ 6.8363616943359375e+01, 1.2733703613281250e+02 ] }
   - { id:0, center:[ 5.0035915374755859e+01, 1.3791853332519531e+02 ] }
