%YAML:1.0
---
params:
   minMarkerSize: 5.0000002374872565e-04
   thrGray: 10.
   thrHsv: 800.
   border: 0
marker:
   corners: [ [ 4.1899250030517578e+01, 1.3185438537597656e+02 ], [
       6.1124149322509766e+01, 8.5441368103027344e+01 ], [
       1.0753717041015625e+02, 6.6216468811035156e+01 ], [
       1.5395018005371094e+02, 8.5441368103027344e+01 ], [
       1.7317509460449219e+02, 1.3185438537597656e+02 ], [
       1.5395018005371094e+02, 1.7826741027832031e+02 ], [
       1.0753717041015625e+02, 1.9749230957031250e+02 ], [
       6.1124153137207031e+01, 1.7826741027832031e+02 ], [
       4.1899253845214844e+01, 1.3185438537597656e+02 ] ]
   colors: [ "#000000", "#ffffff" ]
bit-info:
   - { id:0, center:[ 6.8124832153320312e+01, 1.1987937164306641e+02 ] }
bit-crc:
   - { id:15, center:[ 8.8206985473632812e+01, 1.3986123657226562e+02 ] }
   - { id:14, center:[ 7.1200820922851562e+01, 1.5125549316406250e+02 ] }
   - { id:13, center:[ 9.9530334472656250e+01, 1.5118460083007812e+02 ] }
   - { id:12, center:[ 9.5562149047851562e+01, 1.7126673889160156e+02 ] }
   - { id:11, center:[ 1.1554399108886719e+02, 1.5118460083007812e+02 ] }
   - { id:10, center:[ 1.2693827819824219e+02, 1.6819075012207031e+02 ] }
   - { id:9, center:[ 1.2686736297607422e+02, 1.3986123657226562e+02 ] }
   - { id:8, center:[ 1.4694950866699219e+02, 1.4382943725585938e+02 ] }
   - { id:7, center:[ 1.2686735534667969e+02, 1.2384757232666016e+02 ] }
   - { id:6, center:[ 1.4387351989746094e+02, 1.1245329284667969e+02 ] }
   - { id:5, center:[ 1.1554400634765625e+02, 1.1252420043945312e+02 ] }
   - { id:4, center:[ 1.1951219177246094e+02, 9.2442062377929688e+01 ] }
   - { id:3, center:[ 9.9530342102050781e+01, 1.1252421569824219e+02 ] }
   - { id:2, center:[ 8.8136062622070312e+01, 9.5518051147460938e+01 ] }
   - { id:1, center:[ 8.8206977844238281e+01, 1.2384756469726562e+02 ] }
   - { id:0, center:[ 1.2912243652343750e+02, 1.2522431945800781e+02 ] }
