%YAML:1.0
---
aruco_bc_dict: ""
aruco_bc_nmarkers: 12
aruco_bc_mInfoType: 1
aruco_bc_markers:
   - { id:1, corners:[ [ 1.5635784715414047e-02, -1.6720741987228394e-03,
       -3.5725269466638565e-02 ], [ 8.5967667400836945e-03,
       -1.1389940045773983e-02, -3.5601545125246048e-02 ], [
       1.0563571937382221e-02, -1.7263006418943405e-02,
       -2.5323472917079926e-02 ], [ 1.8818140029907227e-02,
       -1.1174894869327545e-02, -1.9095001742243767e-02 ], [
       2.1952942013740540e-02, -1.5391693450510502e-03,
       -2.5523664429783821e-02 ] ] }
   - { id:2, corners:[ [ -2.9763723723590374e-03,
       -7.4084559455513954e-03, 1.2480700388550758e-03 ], [
       -1.0029645636677742e-02, 2.2997832857072353e-03,
       1.2100053718313575e-03 ], [ -2.9762485064566135e-03,
       1.2007921002805233e-02, 1.1698286980390549e-03 ], [
       8.4362607449293137e-03, 8.2996441051363945e-03,
       1.1830629082396626e-03 ], [ 8.4361843764781952e-03,
       -3.7003380712121725e-03, 1.2314186897128820e-03 ] ] }
   - { id:3, corners:[ [ -9.5765981823205948e-03, 2.2019213065505028e-02,
       -1.2948468327522278e-02 ], [ -7.7720191329717636e-03,
       1.5963021665811539e-02, -2.7471911162137985e-03 ], [
       -1.4944396913051605e-02, 6.3427039422094822e-03,
       -2.8274203650653362e-03 ], [ -2.1181747317314148e-02,
       6.4532104879617691e-03, -1.3078277930617332e-02 ], [
       -1.7864264547824860e-02, 1.6141828149557114e-02,
       -1.9333429634571075e-02 ] ] }
   - { id:4, corners:[ [ 7.1207159198820591e-03, -1.9566707313060760e-02,
       -1.9141580909490585e-02 ], [ -3.0495533719658852e-03,
       -1.9444318488240242e-02, -1.2773641385138035e-02 ], [
       -9.7769545391201973e-04, -1.3441260904073715e-02,
       -2.5917617604136467e-03 ], [ 1.0473050177097321e-02,
       -9.8535558208823204e-03, -2.6669520884752274e-03 ], [
       1.5478143468499184e-02, -1.3639289885759354e-02,
       -1.2895302847027779e-02 ] ] }
   - { id:5, corners:[ [ -1.8337724730372429e-02,
       -1.1070458218455315e-02, -1.9349941983819008e-02 ], [
       -2.1476658061146736e-02, -1.2641870416700840e-03,
       -1.3186813332140446e-02 ], [ -1.5259630046784878e-02,
       -1.1867280118167400e-03, -2.9231626540422440e-03 ], [
       -8.2783624529838562e-03, -1.0945124551653862e-02,
       -2.7430048212409019e-03 ], [ -1.0180729441344738e-02,
       -1.7053605988621712e-02, -1.2895313091576099e-02 ] ] }
   - { id:6, corners:[ [ 8.8751604780554771e-03, 1.5304797329008579e-02,
       -3.5923168063163757e-02 ], [ 1.5873204916715622e-02,
       5.5584199726581573e-03, -3.5734709352254868e-02 ], [
       2.2073455154895782e-02, 5.6430539116263390e-03,
       -2.5460971519351006e-02 ], [ 1.8907379359006882e-02,
       1.5441736206412315e-02, -1.9299913197755814e-02 ], [
       1.0750385001301765e-02, 2.1413020789623260e-02,
       -2.5765907019376755e-02 ] ] }
   - { id:7, corners:[ [ -1.4942376874387264e-02, 1.7971614375710487e-02,
       -2.6032112538814545e-02 ], [ -9.6456948667764664e-03,
       1.4317117631435394e-02, -3.6160778254270554e-02 ], [
       1.7665154300630093e-03, 1.8019074574112892e-02,
       -3.5922136157751083e-02 ], [ 3.5229679197072983e-03,
       2.3961506783962250e-02, -2.5645986199378967e-02 ], [
       -6.8036951124668121e-03, 2.3932173848152161e-02,
       -1.9533615559339523e-02 ] ] }
   - { id:8, corners:[ [ 1.4793097041547298e-02, -3.5272066015750170e-03,
       -2.4762605316936970e-03 ], [ 1.4924364164471626e-02,
       8.4720393642783165e-03, -2.5056852027773857e-03 ], [
       2.0003164187073708e-02, 1.2099989689886570e-02,
       -1.2754769995808601e-02 ], [ 2.3010766133666039e-02,
       2.3429433349519968e-03, -1.9059628248214722e-02 ], [
       1.9790766760706902e-02, -7.3151960968971252e-03,
       -1.2707158923149109e-02 ] ] }
   - { id:9, corners:[ [ 1.3194559141993523e-03, -1.3687677681446075e-02,
       -3.5730116069316864e-02 ], [ -1.0092087090015411e-02,
       -9.9760442972183228e-03, -3.5708166658878326e-02 ], [
       -1.5150972642004490e-02, -1.3600848615169525e-02,
       -2.5448124855756760e-02 ], [ -6.8659964017570019e-03,
       -1.9552733749151230e-02, -1.9129021093249321e-02 ], [
       3.3132880926132202e-03, -1.9606396555900574e-02,
       -2.5483639910817146e-02 ] ] }
   - { id:10, corners:[ [ -1.4381137676537037e-02,
       -3.7304442375898361e-03, -3.6119274795055389e-02 ], [
       -1.4150850474834442e-02, 8.2664061337709427e-03,
       -3.6269504576921463e-02 ], [ -1.9138617441058159e-02,
       1.2199027463793755e-02, -2.6088314130902290e-02 ], [
       -2.2451514378190041e-02, 2.6326756924390793e-03,
       -1.9645763561129570e-02 ], [ -1.9511230289936066e-02,
       -7.2122802957892418e-03, -2.5845237076282501e-02 ] ] }
   - { id:11, corners:[ [ -2.6329765096306801e-03,
       2.4178085848689079e-02, -1.3074407353997231e-02 ], [
       7.5168376788496971e-03, 2.4062363430857658e-02,
       -1.9475024193525314e-02 ], [ 1.5787459909915924e-02,
       1.8040277063846588e-02, -1.3203558512032032e-02 ], [
       1.0749172419309616e-02, 1.4434145763516426e-02,
       -2.9269661754369736e-03 ], [ -6.3528446480631828e-04,
       1.8227521330118179e-02, -2.8471462428569794e-03 ] ] }
   - { id:12, corners:[ [ 3.6095604300498962e-03,
       -7.5031518936157227e-03, -3.9754901081323624e-02 ], [
       1.0571401566267014e-02, 2.2705942392349243e-03,
       -3.9673127233982086e-02 ], [ 3.4277602098882198e-03,
       1.1912498623132706e-02, -3.9718285202980042e-02 ], [
       -7.9490914940834045e-03, 8.0977799370884895e-03,
       -3.9827968925237656e-02 ], [ -7.8367330133914948e-03,
       -3.9017514791339636e-03, -3.9850600063800812e-02 ] ] }
