%YAML:1.0
---
image_width: 1920
image_height: 1080
camera_matrix: !!opencv-matrix
   rows: 3
   cols: 3
   dt: d
   data: [ 1.0595840212393484e+03, 0., 9.0442549613264487e+02, 0.,
       1.0625875752951988e+03, 5.5211731632932049e+02, 0., 0., 1. ]
distortion_coefficients: !!opencv-matrix
   rows: 1
   cols: 5
   dt: d
   data: [ 6.5356801449677829e-02, -1.3928913103637086e-01,
       5.0367272262895743e-03, -2.2298318411790741e-03,
       8.9040896041390455e-02 ]
