%YAML:1.0
---
image_width: 1920
image_height: 1080
camera_matrix: !!opencv-matrix
   rows: 3
   cols: 3
   dt: d
   data: [ 1.0970298831820453e+03, 0., 9.7484333747742767e+02, 0.,
       1.0973583053018635e+03, 5.7522838176258165e+02, 0., 0., 1. ]
distortion_coefficients: !!opencv-matrix
   rows: 1
   cols: 5
   dt: d
   data: [ 5.3954775273679978e-02, -7.3375846897160119e-02,
       1.0804201262727541e-03, 1.5210241361307863e-03,
       4.0540694832546520e-03 ]
