%YAML:1.0
---
params:
   minMarkerSize: 5.0000002374872565e-04
   thrGray: 10.
   thrHsv: 800.
   border: 0
marker:
   corners: [ [ 6.0881145477294922e+01, 1.3912071228027344e+02 ], [
       9.9555809020996094e+01, 8.4484718322753906e+01 ], [
       1.3823037719726562e+02, 1.3912071228027344e+02 ], [
       9.9555732727050781e+01, 1.9381489562988281e+02 ] ]
   colors: [ "#000000", "#ffffff" ]
bit-info:
   - { id:3, center:[ 1.1075144958496094e+02, 1.5134533691406250e+02 ] }
   - { id:2, center:[ 9.9638824462890625e+01, 1.5122993469238281e+02 ] }
   - { id:1, center:[ 8.8360076904296875e+01, 1.2695428466796875e+02 ] }
   - { id:0, center:[ 9.9472694396972656e+01, 1.2706966400146484e+02 ] }
bit-crc:
   - { id:15, center:[ 9.9571060180664062e+01, 1.6703660583496094e+02 ] }
   - { id:14, center:[ 8.8433883666992188e+01, 1.5134533691406250e+02 ] }
   - { id:13, center:[ 9.3877700805664062e+01, 1.5903138732910156e+02 ] }
   - { id:12, center:[ 1.0530592346191406e+02, 1.5903138732910156e+02 ] }
   - { id:11, center:[ 9.4153076171875000e+01, 1.4331559753417969e+02 ] }
   - { id:10, center:[ 8.4535873413085938e+01, 1.4414489746093750e+02 ] }
   - { id:9, center:[ 1.0504158020019531e+02, 1.4331559753417969e+02 ] }
   - { id:8, center:[ 1.1715089416503906e+02, 1.4435221862792969e+02 ] }
   - { id:7, center:[ 9.9540466308593750e+01, 1.1126300811767578e+02 ] }
   - { id:6, center:[ 1.1067765045166016e+02, 1.2695428466796875e+02 ] }
   - { id:5, center:[ 1.0523382568359375e+02, 1.1926823425292969e+02 ] }
   - { id:4, center:[ 9.3805618286132812e+01, 1.1926823425292969e+02 ] }
   - { id:3, center:[ 1.0495845794677734e+02, 1.3498402404785156e+02 ] }
   - { id:2, center:[ 1.1457566070556641e+02, 1.3414697265625000e+02 ] }
   - { id:1, center:[ 9.4069992065429688e+01, 1.3498402404785156e+02 ] }
   - { id:0, center:[ 8.1964797973632812e+01, 1.3393774414062500e+02 ] }
