%YAML:1.0
---
image_width: 1920
image_height: 1080
camera_matrix: !!opencv-matrix
   rows: 3
   cols: 3
   dt: d
   data: [ 1.1251269136893311e+03, 0., 9.4772411099221483e+02, 0.,
       1.1255536088473598e+03, 5.6975270085118348e+02, 0., 0., 1. ]
distortion_coefficients: !!opencv-matrix
   rows: 1
   cols: 5
   dt: d
   data: [ 6.1442913004340204e-02, -1.0702703368704442e-01,
       -4.5275940741067418e-03, -1.2115901429986700e-03,
       -8.7847137665417047e-03 ]
