%YAML:1.0
---
params:
   minMarkerSize: 5.0000002374872565e-04
   thrGray: 10.
   thrHsv: 800.
   border: 0
marker:
   corners: [ [ 2.9346139907836914e+01, 1.1393916320800781e+02 ], [
       1.0246292877197266e+02, 6.0817722320556641e+01 ], [
       1.7557971191406250e+02, 1.1393916320800781e+02 ], [
       1.4765158081054688e+02, 1.9989143371582031e+02 ], [
       5.7274261474609375e+01, 1.9989143371582031e+02 ] ]
   colors: [ "#000000", "#ffffff" ]
bit-info:
   - { id:3, center:[ 1.0272753143310547e+02, 1.5405400085449219e+02 ] }
   - { id:2, center:[ 1.1915877532958984e+02, 1.7666918945312500e+02 ] }
   - { id:1, center:[ 1.2049108123779297e+02, 1.1452826690673828e+02 ] }
   - { id:0, center:[ 6.1802013397216797e+01, 1.3491522216796875e+02 ] }
bit-crc:
   - { id:15, center:[ 8.8388206481933594e+01, 1.4363623046875000e+02 ] }
   - { id:14, center:[ 9.3865303039550781e+01, 1.2677986907958984e+02 ] }
   - { id:13, center:[ 1.1158960723876953e+02, 1.2677982330322266e+02 ] }
   - { id:12, center:[ 1.1706665802001953e+02, 1.4363619995117188e+02 ] }
   - { id:11, center:[ 1.0272756195068359e+02, 1.6913079833984375e+02 ] }
   - { id:10, center:[ 7.4048957824707031e+01, 1.4829521179199219e+02 ] }
   - { id:9, center:[ 7.1957023620605469e+01, 1.6625140380859375e+02 ] }
   - { id:8, center:[ 8.6296348571777344e+01, 1.7666917419433594e+02 ] }
   - { id:7, center:[ 1.3140577697753906e+02, 1.4829515075683594e+02 ] }
   - { id:6, center:[ 1.3349786376953125e+02, 1.6625138854980469e+02 ] }
   - { id:5, center:[ 1.4365290832519531e+02, 1.3491514587402344e+02 ] }
   - { id:4, center:[ 1.3821522521972656e+02, 1.1800461578369141e+02 ] }
   - { id:3, center:[ 1.1162902832031250e+02, 9.8688964843750000e+01 ] }
   - { id:2, center:[ 9.3825782775878906e+01, 9.8688133239746094e+01 ] }
   - { id:1, center:[ 8.4963684082031250e+01, 1.1452744293212891e+02 ] }
   - { id:0, center:[ 6.7239463806152344e+01, 1.1800379180908203e+02 ] }
