%YAML:1.0
---
aruco_bc_dict: ""
aruco_bc_nmarkers: 12
aruco_bc_mInfoType: 1
aruco_bc_markers:
   - { id:1, corners:[ [ -1.1765818595886230e+00, 2.9425030946731567e-01,
       -3.3255547285079956e-01 ], [ -1.7090525627136230e+00,
       3.0287933349609375e-01, -1.1789598464965820e+00 ], [
       -1.4509909152984619e+00, 1.1176699399948120e+00,
       -1.6981132030487061e+00 ], [ -7.5902950763702393e-01,
       1.6126091480255127e+00, -1.1725633144378662e+00 ], [
       -5.8943539857864380e-01, 1.1037077903747559e+00,
       -3.2860213518142700e-01 ] ] }
   - { id:2, corners:[ [ 7.5404167175292969e-01, 1.1273725032806396e+00,
       -3.1081385612487793e+00 ], [ 1.3470263481140137e+00,
       3.2229483127593994e-01, -3.1229403018951416e+00 ], [
       1.8838574886322021e+00, 3.1833326816558838e-01,
       -2.2792599201202393e+00 ], [ 1.6226527690887451e+00,
       1.1209623813629150e+00, -1.7430353164672852e+00 ], [
       9.2438817024230957e-01, 1.6209762096405029e+00,
       -2.2553105354309082e+00 ] ] }
   - { id:3, corners:[ [ 1.6577082872390747e+00, -1.1030507087707520e+00,
       -1.7208487987518311e+00 ], [ 1.9014494419097900e+00,
       -2.9312348365783691e-01, -2.2543356418609619e+00 ], [
       1.3633621931076050e+00, -3.0477762222290039e-01,
       -3.0971441268920898e+00 ], [ 7.8706502914428711e-01,
       -1.1219072341918945e+00, -3.0845415592193604e+00 ], [
       9.6898090839385986e-01, -1.6152671575546265e+00,
       -2.2339444160461426e+00 ] ] }
   - { id:4, corners:[ [ -1.2055594921112061e+00, 1.2939934730529785e+00,
       -2.2398474216461182e+00 ], [ -7.8032261133193970e-01,
       9.9595224857330322e-01, -3.0944495201110840e+00 ], [
       1.6578811407089233e-01, 1.3197731971740723e+00,
       -3.0982229709625244e+00 ], [ 3.2527977228164673e-01,
       1.8179466724395752e+00, -2.2459533214569092e+00 ], [
       -5.2225977182388306e-01, 1.8020138740539551e+00,
       -1.7154479026794434e+00 ] ] }
   - { id:5, corners:[ [ -6.1996579170227051e-01,
       -5.1364141702651978e-01, -3.4197034835815430e+00 ], [
       3.3088079094886780e-01, -8.2321447134017944e-01,
       -3.4271390438079834e+00 ], [ 9.1912150382995605e-01,
       -1.4553479850292206e-02, -3.4334681034088135e+00 ], [
       3.3182787895202637e-01, 7.9479926824569702e-01,
       -3.4299442768096924e+00 ], [ -6.1938047409057617e-01,
       4.8634594678878784e-01, -3.4214375019073486e+00 ] ] }
   - { id:6, corners:[ [ -1.6930857300758362e-01,
       -8.0262112617492676e-01, -1.4000396244227886e-02 ], [
       -7.5565326213836670e-01, 7.4306121096014977e-03,
       -9.9821230396628380e-03 ], [ -1.6650578379631042e-01,
       8.1541597843170166e-01, -1.8021639436483383e-02 ], [
       7.8395181894302368e-01, 5.0472682714462280e-01,
       -2.7008604258298874e-02 ], [ 7.8221958875656128e-01,
       -4.9527508020401001e-01, -2.4523338302969933e-02 ] ] }
   - { id:7, corners:[ [ 6.6829347610473633e-01, -1.8239258527755737e+00,
       -1.7243394851684570e+00 ], [ -1.6697871685028076e-01,
       -1.8242723941802979e+00, -1.1745028495788574e+00 ], [
       1.7525792121887207e-02, -1.3184112310409546e+00,
       -3.3185094594955444e-01 ], [ 9.6682775020599365e-01,
       -1.0054254531860352e+00, -3.6089986562728882e-01 ], [
       1.3690242767333984e+00, -1.3178507089614868e+00,
       -1.2215051651000977e+00 ] ] }
   - { id:8, corners:[ [ 6.8931311368942261e-01, 1.8092575073242188e+00,
       -1.7208106517791748e+00 ], [ 1.3881162405014038e+00,
       1.3176995515823364e+00, -1.2011520862579346e+00 ], [
       9.7225892543792725e-01, 9.9780845642089844e-01,
       -3.4984010457992554e-01 ], [ 1.6442120075225830e-02,
       1.2916626930236816e+00, -3.4335875511169434e-01 ], [
       -1.5842801332473755e-01, 1.7931658029556274e+00,
       -1.1906651258468628e+00 ] ] }
   - { id:9, corners:[ [ -1.8223119974136353e+00,
       -2.1070621907711029e-02, -1.7145934104919434e+00 ], [
       -1.5585031509399414e+00, -8.2206213474273682e-01,
       -2.2520108222961426e+00 ], [ -1.1420900821685791e+00,
       -5.0022518634796143e-01, -3.1023170948028564e+00 ], [
       -1.1485416889190674e+00, 4.9967223405838013e-01,
       -3.0904181003570557e+00 ], [ -1.5689418315887451e+00,
       7.9580610990524292e-01, -2.2327575683593750e+00 ] ] }
   - { id:10, corners:[ [ -1.2012301683425903e+00,
       -1.3431934118270874e+00, -2.2310237884521484e+00 ], [
       -5.0995278358459473e-01, -1.8345078229904175e+00,
       -1.7011692523956299e+00 ], [ 3.4318625926971436e-01,
       -1.8256640434265137e+00, -2.2227776050567627e+00 ], [
       1.7917799949645996e-01, -1.3288840055465698e+00,
       -3.0750033855438232e+00 ], [ -7.7532392740249634e-01,
       -1.0307006835937500e+00, -3.0800998210906982e+00 ] ] }
   - { id:11, corners:[ [ 1.7498686313629150e+00,
       -8.0351114273071289e-01, -1.2013807296752930e+00 ], [
       1.3235248327255249e+00, -5.0836008787155151e-01,
       -3.4632706642150879e-01 ], [ 1.3103907108306885e+00,
       4.9150612950325012e-01, -3.3659327030181885e-01 ], [
       1.7286169528961182e+00, 8.1430637836456299e-01,
       -1.1856309175491333e+00 ], [ 2.0002293586730957e+00,
       1.3941664248704910e-02, -1.7200989723205566e+00 ] ] }
   - { id:12, corners:[ [ -1.7086367607116699e+00,
       -3.2737958431243896e-01, -1.1597101688385010e+00 ], [
       -1.1603660583496094e+00, -3.3359324932098389e-01,
       -3.2343232631683350e-01 ], [ -5.7127082347869873e-01,
       -1.1413383483886719e+00, -3.4611451625823975e-01 ], [
       -7.5546050071716309e-01, -1.6343383789062500e+00,
       -1.1964104175567627e+00 ], [ -1.4583913087844849e+00,
       -1.1312842369079590e+00, -1.6992402076721191e+00 ] ] }
