%YAML:1.0
---
image_width: 1920
image_height: 1080
camera_matrix: !!opencv-matrix
   rows: 3
   cols: 3
   dt: d
   data: [ 8.4318208588017774e+02, 0., 7.1971203893803931e+02, 0.,
       8.4557221533013262e+02, 4.3935678634395254e+02, 0., 0., 1. ]
distortion_coefficients: !!opencv-matrix
   rows: 1
   cols: 5
   dt: d
   data: [ 6.5356801449677829e-02, -1.3928913103637086e-01,
       5.0367272262895743e-03, -2.2298318411790741e-03,
       8.9040896041390455e-02 ]
