%YAML:1.0
---
params:
   minMarkerSize: 5.0000002374872565e-04
   thrGray: 10.
   thrHsv: 800.
   border: 0
marker:
   corners: [ [ 7.4882194519042969e+01, 4.9036102294921875e+01 ], [
       1.4716482543945312e+02, 4.9036102294921875e+01 ], [
       1.4716482543945312e+02, 2.2814982604980469e+02 ], [
       7.4882194519042969e+01, 2.2814982604980469e+02 ] ]
   colors: [ "#000000", "#ffffff" ]
bit-info:
   - { id:3, center:[ 1.2909420776367188e+02, 1.6959686279296875e+02 ] }
   - { id:2, center:[ 1.1704710388183594e+02, 1.3859295654296875e+02 ] }
   - { id:1, center:[ 105., 1.0758905029296875e+02 ] }
   - { id:0, center:[ 9.2952896118164062e+01, 7.6585144042968750e+01 ] }
bit-crc:
   - { id:15, center:[ 1.2909420776367188e+02, 2.0060076904296875e+02 ] }
   - { id:14, center:[ 1.1704710388183594e+02, 2.0060076904296875e+02 ] }
   - { id:13, center:[ 105., 2.0060076904296875e+02 ] }
   - { id:12, center:[ 9.2952896118164062e+01, 2.0060076904296875e+02 ] }
   - { id:11, center:[ 1.1704710388183594e+02, 1.6959686279296875e+02 ] }
   - { id:10, center:[ 105., 1.6959686279296875e+02 ] }
   - { id:9, center:[ 9.2952896118164062e+01, 1.6959686279296875e+02 ] }
   - { id:8, center:[ 105., 1.3859295654296875e+02 ] }
   - { id:7, center:[ 1.2909420776367188e+02, 1.3859295654296875e+02 ] }
   - { id:6, center:[ 9.2952896118164062e+01, 1.3859295654296875e+02 ] }
   - { id:5, center:[ 1.2909420776367188e+02, 1.0758905029296875e+02 ] }
   - { id:4, center:[ 1.1704710388183594e+02, 1.0758905029296875e+02 ] }
   - { id:3, center:[ 9.2952896118164062e+01, 1.0758905029296875e+02 ] }
   - { id:2, center:[ 1.2909420776367188e+02, 7.6585144042968750e+01 ] }
   - { id:1, center:[ 1.1704710388183594e+02, 7.6585144042968750e+01 ] }
   - { id:0, center:[ 105., 7.6585144042968750e+01 ] }
