%YAML:1.0
---
params:
   minMarkerSize: 5.0000002374872565e-04
   thrGray: 10.
   thrHsv: 800.
   border: 0
marker:
   corners: [ [ 3.7134666442871094e+00, 1.2491689300537109e+02 ], [
       4.9759960174560547e+01, 4.5162025451660156e+01 ], [
       1.4185293579101562e+02, 4.5162033081054688e+01 ], [
       1.8789942932128906e+02, 1.2491689300537109e+02 ], [
       1.4185293579101562e+02, 2.0467175292968750e+02 ], [
       4.9759952545166016e+01, 2.0467175292968750e+02 ] ]
   colors: [ "#000000", "#ffffff" ]
bit-info:
   - { id:1, center:[ 1.4136422729492188e+02, 1.3704745483398438e+02 ] }
   - { id:0, center:[ 4.9832519531250000e+01, 1.1302658843994141e+02 ] }
bit-crc:
   - { id:15, center:[ 7.4795722961425781e+01, 1.3704743957519531e+02 ] }
   - { id:14, center:[ 4.9832523345947266e+01, 1.3704743957519531e+02 ] }
   - { id:13, center:[ 6.2314125061035156e+01, 1.5866619873046875e+02 ] }
   - { id:12, center:[ 9.5598381042480469e+01, 1.4905786132812500e+02 ] }
   - { id:11, center:[ 8.3116783142089844e+01, 1.7067663574218750e+02 ] }
   - { id:10, center:[ 1.0807997131347656e+02, 1.7067663574218750e+02 ] }
   - { id:9, center:[ 1.1640104675292969e+02, 1.3704743957519531e+02 ] }
   - { id:8, center:[ 1.2888262939453125e+02, 1.5866622924804688e+02 ] }
   - { id:7, center:[ 1.1640104675292969e+02, 1.1302658843994141e+02 ] }
   - { id:6, center:[ 1.4136422729492188e+02, 1.1302660369873047e+02 ] }
   - { id:5, center:[ 1.2888264465332031e+02, 9.1407821655273438e+01 ] }
   - { id:4, center:[ 9.5598381042480469e+01, 1.0101616668701172e+02 ] }
   - { id:3, center:[ 1.0807997894287109e+02, 7.9397415161132812e+01 ] }
   - { id:2, center:[ 8.3116783142089844e+01, 7.9397415161132812e+01 ] }
   - { id:1, center:[ 7.4795715332031250e+01, 1.1302658843994141e+02 ] }
   - { id:0, center:[ 6.2314109802246094e+01, 9.1407821655273438e+01 ] }
