%YAML:1.0
---
aruco_bc_dict: ""
aruco_bc_nmarkers: 8
aruco_bc_mInfoType: 1
aruco_bc_markers:
   - { id:1, corners:[ [ 2.6556186378002167e-02, 1.0014984756708145e-02,
       -7.4808355420827866e-03 ], [ 2.6595788076519966e-02,
       1.8969599157571793e-02, -2.3063072934746742e-02 ], [
       2.6614334434270859e-02, 9.9522592499852180e-03,
       -3.8609132170677185e-02 ], [ 2.6593279093503952e-02,
       -8.0196913331747055e-03, -3.8572952151298523e-02 ], [
       2.6553677394986153e-02, -1.6974303871393204e-02,
       -2.2990716621279716e-02 ], [ 2.6535131037235260e-02,
       -7.9569658264517784e-03, -7.4446555227041245e-03 ] ] }
   - { id:2, corners:[ [ -2.3024603724479675e-02, 1.8840081989765167e-02,
       -2.3009851574897766e-02 ], [ -2.3159725591540337e-02,
       9.8653119057416916e-03, -7.4397511780261993e-03 ], [
       -2.3171624168753624e-02, -8.1066768616437912e-03,
       -7.4268886819481850e-03 ], [ -2.3048400878906250e-02,
       -1.7103895545005798e-02, -2.2984124720096588e-02 ], [
       -2.2913279011845589e-02, -8.1291254609823227e-03,
       -3.8554225116968155e-02 ], [ -2.2901380434632301e-02,
       9.8428642377257347e-03, -3.8567088544368744e-02 ] ] }
   - { id:3, corners:[ [ -1.7745973542332649e-02, 8.8618611916899681e-03,
       -4.5121148228645325e-02 ], [ -1.7714032903313637e-02,
       -7.0729805156588554e-03, -4.5057561248540878e-02 ], [
       2.1772222593426704e-02, -6.9936970248818398e-03,
       -4.5022509992122650e-02 ], [ 2.1740281954407692e-02,
       8.9411446824669838e-03, -4.5086096972227097e-02 ] ] }
   - { id:4, corners:[ [ -1.8156442791223526e-02,
       -7.1785654872655869e-03, -9.1953529044985771e-04 ], [
       -1.8138665705919266e-02, 8.7564196437597275e-03,
       -9.0616469969972968e-04 ], [ 2.1347634494304657e-02,
       8.7124034762382507e-03, -9.4782293308526278e-04 ], [
       2.1329857409000397e-02, -7.2225816547870636e-03,
       -9.6119352383539081e-04 ] ] }
   - { id:5, corners:[ [ -1.8240788951516151e-02,
       -2.2091116756200790e-02, -1.8750896677374840e-02 ], [
       -1.8207946792244911e-02, -1.4145451597869396e-02,
       -4.9382383003830910e-03 ], [ 2.1278196945786476e-02,
       -1.4270740561187267e-02, -4.9600508064031601e-03 ], [
       2.1245354786515236e-02, -2.2216405719518661e-02,
       -1.8772710114717484e-02 ] ] }
   - { id:6, corners:[ [ -1.8091563135385513e-02,
       -1.4046660624444485e-02, -4.1123099625110626e-02 ], [
       -1.8081400543451309e-02, -2.2048030048608780e-02,
       -2.7342598885297775e-02 ], [ 2.1404933184385300e-02,
       -2.2055637091398239e-02, -2.7376137673854828e-02 ], [
       2.1394770592451096e-02, -1.4054269529879093e-02,
       -4.1156638413667679e-02 ] ] }
   - { id:7, corners:[ [ -1.7744794487953186e-02, 2.4104174226522446e-02,
       -2.7004895731806755e-02 ], [ -1.7814934253692627e-02,
       1.6147026792168617e-02, -4.0810801088809967e-02 ], [
       2.1671030670404434e-02, 1.6056917607784271e-02,
       -4.0959469974040985e-02 ], [ 2.1741170436143875e-02,
       2.4014065042138100e-02, -2.7153564617037773e-02 ] ] }
   - { id:8, corners:[ [ -1.7682973295450211e-02, 1.6014447435736656e-02,
       -5.1115620881319046e-03 ], [ -1.7708331346511841e-02,
       2.4036215618252754e-02, -1.8880179151892662e-02 ], [
       2.1777931600809097e-02, 2.4021213874220848e-02,
       -1.8961647525429726e-02 ], [ 2.1803289651870728e-02,
       1.5999445691704750e-02, -5.1930304616689682e-03 ] ] }
